45
4 4
c 4 1 4 1
d 4 0 4 1
e 4 0 4 1
f 4 1 2 0
g 4 0 2 0
a 4 1 4 0
b 4 0 4 0
c 4 1 4 0
c 3 1 4 0
d 3 0 4 0
e 3 0 4 0
f 3 1 4 0
g 3 0 4 0
a 3 1 2 0
b 3 0 4 0
c 4 1 4 1
d 4 0 4 1
e 4 0 4 1
f 4 1 2 0
g 4 0 2 0
a 4 1 4 0
b 4 0 4 0
c 4 1 4 0
c 3 1 4 0
d 3 0 4 0
e 3 0 4 0
f 3 1 4 0
g 3 0 4 0
a 3 1 2 0
b 3 0 4 0
c 4 1 4 1
d 4 0 4 1
e 4 0 4 1
f 4 1 2 0
g 4 0 2 0
a 4 1 4 0
b 4 0 4 0
c 4 1 4 0
c 3 1 4 0
d 3 0 8 0
e 3 0 4 0
f 3 1 4 0
g 3 0 8 0
a 3 1 2 0
b 3 0 4 0
c 4 1 4 1
d 4 0 4 1
e 4 0 4 1
f 4 1 2 0
g 4 0 2 0
a 4 1 4 0
b 4 0 4 0
c 4 1 4 0
c 3 1 16 0
d 3 0 4 0
e 3 0 8 0
f 3 1 4 0
g 3 0 4 0
a 3 1 2 0
b 3 0 4 0

