40
4 4
f 0 4 2 0 0 
b 0 4 8 0 0 
c 0 4 8 0 0 
d 0 4 8 0 0 
e 0 4 8 0 0 
f 0 4 4 0 0
f 0 4 8 0 0
d 0 4 8 0 0 
f 0 4 4 0 0
f 0 4 8 0 0 
d 0 4 8 0 0 
f 0 4 4 8 0 
b 0 4 8 0 0 
d 0 4 8 0 0
b 0 4 8 0 0 
g 0 4 8 0 0 
d 0 4 8 0 0 
b 0 4 2 8 0 
e 0 4 8 0 0 
d 0 4 8 0 0
c 0 4 8 0 0 
f 0 4 2 0 0 
b 0 4 8 0 0 
c 0 4 8 0 0 
d 0 4 8 0 0 
e 0 4 8 0 0 
f 0 4 4 0 0
f 0 4 8 0 0
d 0 4 8 0 0 
f 0 4 4 0 0
f 0 4 8 0 0 
d 0 4 8 0 0 
f 0 4 4 8 0 
b 0 4 8 0 0 
d 0 4 8 0 0
b 0 4 8 0 0 
g 0 4 8 0 0 
d 0 4 8 0 0 
b 0 4 2 4 0 
b 0 4 4 0 0

