107
4 4
a 0 2 8 0 1 
e 0 3 8 0 1 
a 0 3 8 4 0 
e 0 2 8 0 1 
e 0 3 8 0 1 
g 1 3 8 4 0 
a 0 2 8 0 1 
e 0 3 8 0 1 
a 0 3 8 0 0 
a 0 2 8 0 1 
e 0 3 8 0 1 
a 0 3 8 4 0 
e 0 2 8 0 1 
e 0 3 8 0 1 
g 1 3 8 4 0 
a 0 2 8 0 1 
e 0 3 8 0 1 
a 0 3 8 0 0 
a 0 2 8 0 1 
e 0 3 8 0 1 
a 0 3 8 4 0 
e 0 2 8 0 1 
e 0 3 8 0 1 
g 1 3 8 4 0 
a 0 2 8 0 1 
e 0 3 8 0 1 
a 0 3 8 0 0 
a 0 2 8 0 1 
e 0 3 8 0 1 
a 0 3 8 4 0 
e 0 2 8 0 1 
e 0 3 8 0 1 
g 1 3 8 4 0 
a 0 2 8 0 1 
e 0 3 8 0 1 
a 0 3 8 4 0 
c 0 3 8 0 1 
g 0 3 8 0 1 
c 0 4 8 4 0 
g 0 2 8 0 1 
g 0 3 8 0 1 
b 0 3 8 4 0 
a 0 2 8 0 1 
e 0 3 8 0 1 
a 0 3 8 4 0 
e 0 2 8 0 1 
e 0 3 8 0 1 
e 0 4 8 8 0 
e 0 4 8 0 1 
e 0 5 8 8 0 
d 1 5 8 0 1 
e 0 5 8 8 0 
d 1 5 8 0 1 
e 0 5 8 0 0 
a 0 2 8 0 1 
e 0 3 8 0 1 
a 0 3 8 4 0 
e 0 2 8 0 1 
e 0 3 8 0 1 
g 1 3 8 4 0 
a 0 2 8 0 1 
e 0 3 8 0 1 
a 0 3 8 0 0 
a 0 2 8 0 1 
e 0 3 8 0 1 
a 0 3 8 4 0 
e 0 2 8 0 1 
e 0 3 8 0 1 
g 1 3 8 4 0 
a 0 2 8 0 1 
e 0 3 8 0 1 
a 0 3 8 4 0 
c 0 3 8 0 1 
g 0 3 8 0 1 
c 0 4 8 4 0 
g 0 2 8 0 1 
g 0 3 8 0 1 
b 0 3 8 4 0 
a 0 2 8 0 1 
e 0 3 8 0 1 
a 0 3 8 4 0 
e 0 2 8 0 1 
e 0 3 8 0 1 
e 0 4 8 8 0 
e 0 4 8 0 1 
e 0 5 8 8 0 
d 1 5 8 0 1 
e 0 5 8 8 0 
d 1 5 8 0 1 
e 0 5 8 0 0 
a 0 2 8 0 1 
e 0 3 8 0 1 
a 0 3 8 4 0 
e 0 2 8 0 1 
e 0 3 8 0 1 
g 1 3 8 4 0 
a 0 2 8 0 1 
e 0 3 8 0 1 
a 0 3 8 0 0 
a 0 2 8 0 1 
e 0 3 8 0 1 
a 0 3 8 4 0 
e 0 2 8 0 1 
e 0 3 8 0 1 
g 1 3 8 4 0 
a 0 2 2 0 1 
a 0 1 2 0 1 
